Wavelength	I1	I1 dark	R1	R1dark	XCorrect	I1c	R1c	I1c/R1c	Abs	Percent T
nm	uA	uA	uA	uA		uA	uA	uA/uA	OD	T*100
	Abs Detector Raw	Dark Offset for Abs Detector	Ref Detector Raw	Dark Offset for Ref Detector	Linear interp	Dark subtracted Abs Detector	Corrected Ref Detector	Corrected Intensity 	-Log(T)	% Transmittance
450	3.20245035666979	0.002851952636767	5.26108522311837	8.04009434348372E-8	1.0119651556015	3.19959840403302	5.32403484508278	0.600972476164038	0.00712049117107402	98.3738138432315
448	2.90497293110063		4.79695046260316		1.00756251811981	2.90212097846387	4.83322740638746	0.600451982587971	0.00729564354969024	98.3341473631509
446	2.63487237228407		4.37360985068798		1.00348556041718	2.6320204196473	4.38885425138252	0.599705588040022	0.00755504788922469	98.2754298590904
444	2.46573747061615		4.11010272283465		1.00001692771912	2.46288551797938	4.11017221709678	0.599217110109085	0.00777134878988994	98.226495847256
442	2.42234614591974		4.04648008799773		0.997353196144104	2.41949419328297	4.03576976870987	0.599512442964858	0.00798031383888483	98.1792445741126
440	2.42411632169392		4.05216069507139		0.99558562040329	2.42126436905715	4.03427283953045	0.600173678223251	0.00817203058013048	98.1359134896547
438	2.45329004065287		4.09856116851879		0.994712889194489	2.4504380880161	4.07689154150181	0.601055501003941	0.0083850099295452	98.0877991345819
436	2.49271681132866		4.1583739466001		0.994661867618561	2.48986485869189	4.13617591600987	0.601972669744143	0.00864890770727915	98.0282144740192
434	2.55371853309012		4.25051934011212		0.995339572429657	2.55086658045335	4.23071002256494	0.602940538786168	0.00888741028998923	97.9743948547103
432	2.64165571698353		4.38553976437729		0.996668756008148	2.63880376434676	4.37093038125307	0.60371672256886	0.00918363771644184	97.9075903976565
430	2.74994240112115		4.55267672822767		0.99854189157486	2.74709044848438	4.54603835164959	0.604282286243265	0.00949911400708344	97.8364950719538
428	2.84888403321277		4.70574917553269		1.00089848041534	2.84603208057601	4.70997711853325	0.604256031176283	0.00979533282371517	97.7697865810047
426	2.9101278383066		4.80112292840681		1.00344467163086	2.90727588566983	4.81766113967666	0.603462095274089	0.0101335883296376	97.6936670482804
424	2.92186860486125		4.82345059921603		1.00566327571869	2.91901665222448	4.85076704901859	0.601763931915688	0.0105011741228826	97.6110143495452
422	3.05709331786258		5.06374855886782		1.00706160068512	3.05424136522582	5.09950664819169	0.598928793692006	0.0108610617210245	97.5301603581043
420	2.9592482205973		4.9244482306484		1.00703954696655	2.95639626796054	4.95911403428547	0.596154120982318	0.0112101020799581	97.4518073336459
418	2.81243592626206		4.70879688385385		1.00569581985474	2.80958397362529	4.73561726177793	0.593287805647213	0.0115728025439387	97.3704545607922
416	2.6556282169277		4.47914950521418		1.00317752361298	2.65277626429093	4.49338202787663	0.59037407632676	0.0119414896238594	97.2878286091803
414	2.53039227179009		4.2986269994251		1	2.52754031915333	4.29862691902415	0.587987831176359	0.0123421352962916	97.1981199536927
412	2.43857689780801		4.17002318646241		0.996665716171265	2.43572494517124	4.15611906545347	0.586057547151981	0.0127325217800931	97.1107880056681
410	2.35870125034072		4.0575353776671		0.993634045124054	2.35584929770395	4.0317052106562	0.584330742108131	0.0131472613115532	97.018094086176
408	2.29292256896293		3.96414536176422		0.991304457187653	2.29007061632617	3.92967488635482	0.582763379300938	0.0135803872086702	96.9213852773797
406	2.25012327551416		3.9048053082904		0.989896655082703	2.24727132287739	3.86535363383722	0.581388285719793	0.0140004681402608	96.8276812523365
404	2.23329966392774		3.88682320875288		0.989499270915985	2.23044771129097	3.84600865168363	0.579938297932474	0.0144763668659772	96.7216358522743
402	2.25440029860905		3.93041410538859		0.990296423435211	2.25154834597228	3.89227495156486	0.578465903357383	0.0149885874744355	96.6076265509039
400	2.30678063856902		4.02392627623889		0.992328882217407	2.30392868593225	3.99305818404121	0.576983499799779	0.0154702821451917	96.5005342825318
398	2.36402950552776		4.12153838847906		0.995916664600372	2.361177552891	4.10470868480382	0.575236328373896	0.015996310066218	96.3837212722684
396	2.39815903338618		4.17582280232465		1.00104904174805	2.39530708074941	4.18020333429145	0.57301209754559	0.0165193323672462	96.2677159003527
394	2.41189052421673		4.19197178500752		1.00751101970673	2.40903857157996	4.22345768668991	0.570394863708938	0.0170842454034034	96.1425760799843
392	2.42131357268168		4.19862554962937		1.01508748531342	2.41846162004491	4.26197216933194	0.567451293428789	0.017690123720504	96.0085423974703
390	2.43719378908958		4.21566933862377		1.02326428890228	2.43434183645281	4.31374380576259	0.564322302404898	0.0182394071377211	95.8871902572483
388	2.46272445793288		4.24847405366196		1.03213286399841	2.45987250529611	4.38498960964461	0.560975674807922	0.0188658678806061	95.7489746933343
386	2.49585831033954		4.29604837476092		1.0414787530899	2.49300635770278	4.47424302082404	0.557190645680133	0.0194928737553456	95.6108383467723
384	2.53030230108733		4.34683954968818		1.05112040042877	2.52745034845056	4.56905164355679	0.553167384749248	0.0201738792012396	95.4610310588811
382	2.5615451980979		4.39426141961588		1.06085693836212	2.55869324546114	4.66168263068259	0.548877615267103	0.0208583084582529	95.310707099651
380	2.58028358181209		4.42174623233157		1.07036590576172	2.57743162917532	4.73288632495962	0.544579238166535	0.0216198588036534	95.1437229381468
378	2.58638133081116		4.42975438171364		1.07964384555817	2.5835293781744	4.78255696874707	0.540198348928655	0.0223304663628996	94.9881728012551
376	2.58877277774171		4.43301250507301		1.08844602108002	2.58592082510495	4.82509473503259	0.535931617327608	0.0231326089771214	94.8128914139774
374	2.5930142751206		4.44085104833596		1.09648740291595	2.59016232248383	4.86933714456787	0.531933247911034	0.0239051703801655	94.6443797902292
372	2.59845013772908		4.45220368175414		1.10309183597565	2.59559818509232	4.91118944475409	0.528507037712589	0.0247879563525856	94.4521925176017
370	2.61406316989326		4.48190811848441		1.10777151584625	2.61121121725649	4.96493006123122	0.525931117871367	0.0256415142365533	94.2667394585571
368	2.63114877041093		4.51539438625425		1.10863637924194	2.62829681777416	5.0059303940909	0.525036628730726	0.0265465766363038	94.0704937155983
366	2.65637375077888		4.5637955790947		1.10545682907104	2.65352179814212	5.04507890051471	0.525962398302908	0.0274957804108334	93.8651156527844
364	2.68481928614699		4.61830053818681		1.09869837760925	2.68196733351022	5.0741192202814	0.528558202335949	0.0284493937262769	93.6592350195127
362	2.71784500541607		4.68090893149132		1.08933818340302	2.7149930527793	5.09909274452189	0.532446297568543	0.0293869916876897	93.4572522909518
360	2.75924315466471		4.75854301158476		1.07917475700378	2.75639120202795	5.13529941145237	0.536753747187719	0.0303860247505835	93.2425141753908
358	2.8019566554706		4.8389777557295		1.06827116012573	2.79910470283383	5.16934029504576	0.541481996361599	0.0314543395129101	93.0134301289355
356	2.83979409184285		4.91108214346222		1.05680763721466	2.83694213920608	5.19006903123109	0.546609712151199	0.0324855678341743	92.7928325870167
354	2.88037584623798		4.98914823690028		1.04510068893433	2.87752389360121	5.21416217555288	0.551866972433802	0.0336117648334425	92.5525172381816
352	2.91072667456723		5.04984807064211		1.03346526622772	2.90787472193046	5.21884249764412	0.557187675857841	0.0347226774807219	92.3160731297494
350	2.93337417122152		5.09790761472091		1.02230274677277	2.93052221858476	5.21160487512888	0.562307060646512	0.0358375243865737	92.0793989177299
348	2.95435286579916		5.14426120665809		1.01192998886108	2.95150091316239	5.2056321041919	0.566982232721682	0.0370295132082202	91.8270191775778
346	2.97031928175098		5.18265161503333		1.00238728523254	2.96746732911421	5.19502400210644	0.57121340111441	0.0382393371140168	91.5715705546893
344	2.97386016389829		5.1997894828034		0.99351966381073	2.97100821126152	5.16609301896148	0.575097699626549	0.039398292992201	91.3275289314335
342	2.97893772572696		5.22178381214259		0.985283493995667	2.97608577309019	5.14493732010014	0.578449374196121	0.0407161914431203	91.05080892403
340	2.97478607535292		5.22828493190828		0.977408707141876	2.97193412271616	5.11017113728125	0.581572327594749	0.0420208740978696	90.7776897389874
338	2.96746965773893		5.23062488795362		0.970744788646698	2.96461770510216	5.0776017732979	0.583861798830404	0.0433128089406829	90.5080464484002
336	2.94697597455259		5.2132837910177		0.965340495109558	2.94412402191582	5.03259387835338	0.585011247297212	0.0447439155214261	90.2102911476268
334	2.91757878554245		5.18184954960685		0.960905849933624	2.91472683290568	4.9792694684354	0.58537238271251	0.0461488797032341	89.9189279243707
332	2.87544955882277		5.13079719466762		0.956919252872467	2.872597606186	4.90975854122427	0.585079201363272	0.0475645272649378	89.6263009730276
330	2.82311675955272		5.06666200774941		0.952399551868439	2.82026480691595	4.82548654907556	0.584451905156847	0.0490972283024304	89.3105516066809
328	2.76224444371522		4.98845214478067		0.947583913803101	2.75939249107845	4.7269769309841	0.583754169179747	0.0505823095521206	89.0056734245929
326	2.69938147684401		4.90746506177095		0.942499101161957	2.69652952420725	4.62528133392501	0.582997947482467	0.0520743024974093	88.7004243430533
324	2.63583538985835		4.82759099307969		0.93723601102829	2.63298343722158	4.52459204987545	0.581927256247126	0.0537231241405796	88.364307004726
322	2.57391981393387		4.74714927139591		0.932073950767517	2.57106786129711	4.4246941013335	0.581072454369726	0.0552890433968845	88.0462688647109
320	2.51205209608213		4.66436157641421		0.926964044570923	2.50920014344536	4.32369539768534	0.580336936961064	0.0568994440412785	87.7203904241069
318	2.45000451332224		4.58029293742722		0.922304213047028	2.44715256068548	4.22442339902454	0.579286764023357	0.0586426888828193	87.3689891736891
316	2.39999291195958		4.51634590806034		0.918256640434265	2.39714095932281	4.14716454674583	0.578019254433438	0.0604507558431493	87.0060082594469
314	2.3548357962546		4.45919018726008		0.914912283420563	2.35198384361784	4.07976780287288	0.576499437532113	0.062234030047928	86.649481831185
312	2.30535614801481		4.39405422072348		0.912353217601776	2.30250419537805	4.00892943323967	0.574343907449966	0.064111262782236	86.2757487864439
310	2.24822259518321		4.31475081446484		0.910388767719269	2.24537064254645	3.92810060380024	0.571617397063141	0.0660211466333428	85.8971695503709
308	2.18443049908395		4.22407357198862		0.909599006175995	2.18157854644718	3.84221304996252	0.567792185930049	0.0679994356122645	85.5067824088025
306	2.11258190399343		4.12094731100747		0.910057485103607	2.10972995135667	3.75029887293045	0.562549818785015	0.0701015894258081	85.0938964725939
304	2.04126135414821		4.0189171307511		0.911799371242523	2.03840940151144	3.66444603958512	0.556266726127648	0.0722150184247382	84.6808057176335
302	1.96288375192233		3.90388839423156		0.914810836315155	1.96003179928556	3.57131933325635	0.548825690560243	0.0744074729703751	84.2543877436055
300	1.87975283103054		3.77931009557571		0.918769717216492	1.87690087839378	3.47231559391557	0.540532917480949	0.0766278817658724	83.8247213136881
298	1.793532572586		3.64672711921746		0.925088822841644	1.79068061994923	3.37354642356357	0.530800645706749	0.0788808110404501	83.3910013751621
296	1.69983964408668		3.49993605697849		0.934033513069153	1.69698769144992	3.26905749571984	0.51910610127591	0.0813159599510804	82.9247250169364
294	1.60649662525393		3.3523977665524		0.945518314838409	1.60364467261717	3.1697534108781	0.505920954959369	0.083747191082436	82.4617997044221
292	1.50764449104606		3.1920743248102		0.958811581134796	1.5047925384093	3.0605977533817	0.491666223288123	0.0862938817542659	81.9796610271682
290	1.40533435229472		3.02352598401234		0.972512900829315	1.40248239965795	2.94041794725369	0.476967024693836	0.0888994652735249	81.4892901552735
288	1.30197050505149		2.8494151041742		0.985911250114441	1.29911855241472	2.80927032818316	0.462439851153414	0.0914634956274273	81.0096030974069
286	1.20199765551606		2.67875538968685		0.998497068881989	1.1991457028793	2.67472932457404	0.448324132039142	0.0940465759583001	80.5292072933114
284	1.10662648239455		2.51519676566592		1.00980842113495	1.10377452975778	2.53986679359128	0.434579692345629	0.0966893953095091	80.0406496058574
282	1.01506036256186		2.35719367547695		1.01925599575043	1.01220840992509	2.40258370492573	0.421299956313648	0.0996108005429812	79.5040402844211
280	0.934780153735506		2.21612379811095		1.02668535709381	0.931928201098739	2.27526177048116	0.409591640482606	0.102131045321547	79.0440082247058
278	0.855999058265794		2.07644356103888		1.02920281887054	0.853147105629027	2.13708148349793	0.399211313287229	0.104753481705645	78.568148392934
276	0.789531713153781		1.95889029327943		1.02617704868317	0.786679760517014	2.01016817734599	0.391350221032582	0.106987165983084	78.1650903138063
274	0.731087808358014		1.85558131420005		1.01811420917511	0.728235855721247	1.88919362040955	0.385474441504506	0.109501344404818	77.7138913073691
272	0.681618562136413		1.77100322209009		1.00556790828705	0.678766609499646	1.78086392475814	0.381144567006616	0.112149338617199	77.2414933060663
270	0.642147371294783		1.70645302784932		0.990819931030273	0.639295418658016	1.69078759169721	0.378105104270545	0.114809460115622	76.7698231030357
268	0.610967403971455		1.65719036772715		0.971708416938782	0.608115451334688	1.61030575066408	0.377639743933043	0.117351592346549	76.3217654296089
266	0.585661598001609		1.62022896935596		0.948243975639343	0.582809645364842	1.53637228310842	0.379341421198831	0.119910664572525	75.8733632324972
264	0.563305235786253		1.58711010636981		0.92191618680954	0.560453283149486	1.46318242318841	0.383037189531164	0.122345187968851	75.4492300183901
262	0.540721724727403		1.55184771718779		0.894447326660156	0.537869772090636	1.38804597010788	0.38750141110156	0.124790300509914	75.0256383872364
260	0.51638296831424		1.50959566454087		0.868269026279449	0.513531015677473	1.31073508791693	0.391788562320091	0.127101266462335	74.6274725775412
258	0.49004648607898		1.46045493841887		0.843208372592926	0.487194533442213	1.23146776407473	0.395621020423763	0.129415748134099	74.2308189400436
256	0.459747914015803		1.40009943288204		0.81903064250946	0.456895961379036	1.14672427223967	0.398435763888271	0.131841855089647	73.817298106353
254	0.428941203628646		1.33535798864204		0.795488953590393	0.426089250991879	1.06226246509536	0.401114851548132	0.134203329342708	73.4170061655901
252	0.398024768205307		1.26801049623536		0.772492587566376	0.39517281556854	0.979528647189047	0.403431606316535	0.136589482350913	73.0147357281379
250	0.366395976319157		1.19703444956259		0.750053346157074	0.36354402368239	0.897839634054715	0.404909752135352	0.139148461531981	72.5857783939625
248	0.334369964585961		1.12294294147648		0.728767693042755	0.331518011949194	0.818364478284852	0.405098242587457	0.141924013152874	72.1233659643286
246	0.302784293325453		1.04682627430016		0.708648979663849	0.299932340688686	0.741832314192071	0.404312854739068	0.144880318496782	71.6340789950005
244	0.270820832658088		0.966510462039707		0.689503788948059	0.267968880021321	0.666412570197562	0.402106580825568	0.148169489925493	71.0936006082861
242	0.240257596289327		0.886173344033896		0.670726358890533	0.23740564365256	0.594379766462671	0.399417438223765	0.151689895777834	70.5196428652386
240	0.210209500095917		0.803033702032121		0.651743054389954	0.20735754745915	0.52337158533973	0.396195653848021	0.155526695044789	69.8993769963484
